3.544707788
14.50215819
104.0
18.91637886
3.380602043
507.0
631.0
19.51347465
0.871
1.867733333
1690.0
471.0
78.80747059
3.338722828
584.0
17.42541804
18.82021933
460.0
90.34616992
44.38329787
13.1364
24.53466364
73.77517993
2.830507576
7.82798
44.00828288
1950.0
5.8406737
16.68153647
2.898227713
20.32195885
2.382618615
2160.0
818.0
11.22831732
302.0
17900.0
70.1731401
43.64406831
65.80154762
15.81703016
345.0
1.242519408
2.30373802
69.24362603
3.073840325
6.600844002
29.25053202
291.0
4080.0
3.674298479
0.6071592593
400.0
114.0
226.0
117.0
477.0
14200.0
1420.0
37.92148088
127.0
282.0
4.979979531
2780.0
3.555929833
21.07173923
3090.0
24.98456896
74.26336404
20.99922926
2.17509979
1.714166526
218.0
1.224577778
95.00333032
6.91
14.71838849
31.42604181
71.99707066
20.25355192
177.0
1320.0
3350.0
533.0
413.0
287.0
28.7018304
525.0
2070.0
17.09776069
48.65338183
4260.0
225.0
113.0
12.13493102
29.50482932
0.2705207316
1670.0
183.0
15.4687852
20.99242195
4.001047
55.9387271
2.343703788
7.364654515
74.1448751
2.289355249
71.01395345
81.64180787
40.42252194
131.0
8.784002932
14.51049066
15.3025105
6.170638746
1460.0
0.2587744751
13.71146968
18.7803222
18.35706927
62.25304989
6.229801581
17.14647171
18.4068355
9.744039515
12.92797929
13.12945833
407.0
27900.0
12.56727101
9.623318718
15.43385271
473.0
15.64993422
1010.0
594.0
41.1829396
0.1538246095
247.0
375.0
76.52251178
246.0
404.0
0.2423337097
31.60361904
690.0
114.0
255.0
41.95291086
5.814661209
236.0
299.0
2270.0
13.3161608
4330.0
1110.0
51.66687536
27.61947906
498.0
1.566360686
4.094563859
31.98892
10.4195412
63.56341072
3.620987993
116.0
60.06347547
590.0
4.790922789
2.05796852
1.228794383
12.39680759
8.169476149
496.0
10.7135252
56.54285714
3.204753
0.5002748981
30.05357513
44.57976102
907.0
0.05906598209
75.76997451
45.56533322
162.0
70.16468329
25700.0
81.14082325
0.9664925926
410.0
1.022219298
0.8329452056
9.354903062
405.0
29.16378214
27.36662715