107000
41128000
36684000
2866000
77000
10081000
46044000
2780000
46000
99000
26500000
9000000
10300000
13000000
11700000
13700000
23000000
168700000
6500000
1800000
400000
3200000
9200000
450000
64000
12000000
212000000
280000
460000
780000
2600000
5000000
39000000
8800000
175000
19500000
1416000000
28000000
28000000
102000000
6000000
52000000
900000
560000
5200000
160000
68000
1200000
10500000
83000000
1100000
72000
5900000
11000000
45000000
18000000
110000000
342000000
47000000
1300000
129000000
5500000
900000
66500000
54000
2300000
69100000
3600000
34000000
14000000
2700000
2000000
10000000
125000
20000000
170000
800000
10000000
3800000
12000000
9600000
281600000
1440000000
5300000
88000000
45000000
380000
9700000
59300000
2800000
11000000
123000000
19000000
56400000
7000000
17000000
120000
51000000
4500000
7500000
5500000
5500000
7000000
180000
40000
22000000
2300000
2600000
650000
1800000
37000000
40000
2500000
30000000
550000
130800000
60000
2000000
24000000
520000
55000000
620000
3500000
34000000
5000000
1300000
21000000
34000000
375000000
2600000
290000
26000000
228000000
7000000
17500000
5500000
30000000
10000
5200000
248000000
4500000
34000000
115000000
18000
9500000
38800000
3100000
10000000
7500000
280000
3000000
19000000
143000000
14000000
1900000000
33300000
50000000
18000000
5700000
800000
8500000
6500000
18000000
6800000
600000
5400000
2100000
10500000
1200000
128000
45000
19300000
9000000
70000000
10000000
7400000
1400000
100000
1400000
12000000
87400000
12000
67000000
48000000
36000000
3500000
343000000
36000000
110000
100000000
320000
200000
1800000
63000000
20000000
16000000